  0.0000000e+000  1.5498733e-001
  1.0000000e-002  3.3221410e-001
  2.0000000e-002  1.4084421e-001
  3.0000000e-002 -2.2638069e-001
  4.0000000e-002 -1.2406053e-001
  5.0000000e-002  1.3071627e-001
  6.0000000e-002  1.6779096e-001
  7.0000000e-002 -1.0484449e-001
  8.0000000e-002 -1.5822833e-001
  9.0000000e-002  7.5068491e-002
  1.0000000e-001 -6.1537514e-002
  1.1000000e-001  3.4732880e-002
  1.2000000e-001  2.6085704e-001
  1.3000000e-001  1.9616736e-001
  1.4000000e-001 -3.8328127e-001
  1.5000000e-001  3.0240838e-001
  1.6000000e-001 -5.4643594e-001
  1.7000000e-001  2.1297574e-002
  1.8000000e-001 -1.5654563e-001
  1.9000000e-001 -2.5376721e-001
  2.0000000e-001 -1.9733036e-001
  2.1000000e-001 -5.7852798e-001
  2.2000000e-001  3.2126853e-002
  2.3000000e-001 -4.3888394e-002
  2.4000000e-001 -3.7562543e-001
  2.5000000e-001 -2.4209568e-002
  2.6000000e-001 -4.8897106e-001
  2.7000000e-001 -4.4944798e-001
  2.8000000e-001  7.6145142e-002
  2.9000000e-001 -4.2366653e-001
  3.0000000e-001  2.1951362e-001
  3.1000000e-001 -3.2784495e-001
  3.2000000e-001 -7.3762325e-002
  3.3000000e-001 -1.6640311e-001
  3.4000000e-001 -2.9095456e-001
  3.5000000e-001  1.8435575e-002
  3.6000000e-001  4.4430896e-002
  3.7000000e-001 -4.2490147e-001
  3.8000000e-001 -3.8055536e-001
  3.9000000e-001 -1.7481145e-001
  4.0000000e-001 -2.7441911e-001
  4.1000000e-001 -6.0153686e-002
  4.2000000e-001  2.9428312e-002
  4.3000000e-001  2.1874493e-001
  4.4000000e-001 -5.5515531e-001
  4.5000000e-001 -1.0553797e-001
  4.6000000e-001 -9.5282233e-002
  4.7000000e-001 -3.6123037e-001
  4.8000000e-001 -1.6985838e-001
  4.9000000e-001 -3.8103656e-001
  5.0000000e-001  8.9755333e-002
  5.1000000e-001 -2.8119057e-001
  5.2000000e-001 -1.5248640e-001
  5.3000000e-001  1.1795966e-001
  5.4000000e-001 -3.8022790e-001
  5.5000000e-001 -3.6259362e-001
  5.6000000e-001  2.8662528e-001
  5.7000000e-001 -2.3874257e-001
  5.8000000e-001 -4.5464631e-001
  5.9000000e-001  6.4429989e-002
  6.0000000e-001 -2.2249784e-001
  6.1000000e-001  2.8972598e-002
  6.2000000e-001 -4.4212487e-001
  6.3000000e-001 -3.2917979e-001
  6.4000000e-001 -9.2995534e-002
  6.5000000e-001 -2.9107024e-001
  6.6000000e-001 -3.1701603e-001
  6.7000000e-001 -7.3090156e-002
  6.8000000e-001  6.2880930e-002
  6.9000000e-001 -2.3091100e-001
  7.0000000e-001 -2.5352470e-001
  7.1000000e-001 -9.1724352e-002
  7.2000000e-001  8.1367843e-002
  7.3000000e-001 -1.2058746e-001
  7.4000000e-001  4.5803721e-002
  7.5000000e-001 -4.1255084e-001
  7.6000000e-001 -2.4683404e-001
  7.7000000e-001 -8.7696091e-002
  7.8000000e-001 -3.5777690e-001
  7.9000000e-001 -6.1450286e-002
  8.0000000e-001 -1.5486569e-001
  8.1000000e-001 -2.7051268e-001
  8.2000000e-001  1.2377365e-001
  8.3000000e-001 -2.0931603e-001
  8.4000000e-001  8.7105267e-002
  8.5000000e-001 -1.9997714e-001
  8.6000000e-001  1.2095378e-001
  8.7000000e-001 -2.4909100e-001
  8.8000000e-001 -1.9627731e-001
  8.9000000e-001 -6.8035514e-002
  9.0000000e-001  1.2306708e-002
  9.1000000e-001  1.0863355e-001
  9.2000000e-001 -2.4915702e-001
  9.3000000e-001 -5.0059704e-002
  9.4000000e-001 -2.3057472e-001
  9.5000000e-001 -5.9976708e-001
  9.6000000e-001 -2.2405444e-001
  9.7000000e-001  1.2118563e-001
  9.8000000e-001  1.7607707e-001
  9.9000000e-001  2.0398634e-001
  1.0000000e+000 -1.9319430e-001
  1.0100000e+000 -2.4181759e-001
  1.0200000e+000  1.1746659e-001
  1.0300000e+000 -5.0376750e-002
  1.0400000e+000  1.6018342e-001
  1.0500000e+000  3.4935668e-001
  1.0600000e+000 -4.9370053e-001
  1.0700000e+000 -2.0681295e-004
  1.0800000e+000 -6.8012676e-002
  1.0900000e+000 -6.4654918e-002
  1.1000000e+000 -2.9418167e-001
  1.1100000e+000 -3.8092656e-001
  1.1200000e+000 -1.7035463e-001
  1.1300000e+000  1.7153598e-001
  1.1400000e+000 -6.9365845e-003
  1.1500000e+000 -1.4106969e-001
  1.1600000e+000 -1.6161467e-001
  1.1700000e+000 -3.1651493e-001
  1.1800000e+000 -2.7082882e-001
  1.1900000e+000 -3.9899946e-001
  1.2000000e+000  1.1643645e-001
  1.2100000e+000 -2.0155382e-001
  1.2200000e+000 -1.2560851e-002
  1.2300000e+000 -2.2951823e-001
  1.2400000e+000 -2.1641717e-001
  1.2500000e+000 -2.7796368e-001
  1.2600000e+000 -1.6761420e-001
  1.2700000e+000 -3.6388745e-002
  1.2800000e+000 -1.4694051e-001
  1.2900000e+000 -1.1029731e-001
  1.3000000e+000  1.3416272e-001
  1.3100000e+000  2.6579970e-001
  1.3200000e+000  4.8462006e-002
  1.3300000e+000 -5.5970929e-002
  1.3400000e+000  1.8098765e-001
  1.3500000e+000 -2.1133359e-001
  1.3600000e+000 -4.1179572e-001
  1.3700000e+000  1.1164571e-001
  1.3800000e+000 -1.2668430e-001
  1.3900000e+000 -6.2900998e-002
  1.4000000e+000  6.3137694e-002
  1.4100000e+000 -7.8629673e-002
  1.4200000e+000  2.3698469e-001
  1.4300000e+000 -1.2927736e-001
  1.4400000e+000 -1.5552311e-001
  1.4500000e+000  3.7704864e-002
  1.4600000e+000 -1.0715061e-002
  1.4700000e+000  4.5517149e-002
  1.4800000e+000  2.5622278e-001
  1.4900000e+000  2.8202973e-001
  1.5000000e+000  1.1745602e-001
  1.5100000e+000 -8.8848174e-003
  1.5200000e+000  5.3990871e-001
  1.5300000e+000  1.1092167e-002
  1.5400000e+000 -3.4097206e-001
  1.5500000e+000 -1.3943933e-001
  1.5600000e+000  3.7989947e-001
  1.5700000e+000  2.9266250e-001
  1.5800000e+000  4.2576938e-001
  1.5900000e+000  1.0269373e-001
  1.6000000e+000 -2.4109703e-002
  1.6100000e+000  2.4397197e-002
  1.6200000e+000 -2.1313181e-003
  1.6300000e+000 -2.0107775e-001
  1.6400000e+000  2.4326701e-001
  1.6500000e+000  1.9564463e-001
  1.6600000e+000  5.4627866e-003
  1.6700000e+000 -1.1334922e-001
  1.6800000e+000  1.1082032e-001
  1.6900000e+000  3.1728971e-001
  1.7000000e+000  1.7021172e-001
  1.7100000e+000  1.6313965e-001
  1.7200000e+000  4.1248001e-001
  1.7300000e+000  1.9792638e-001
  1.7400000e+000  1.3422990e-001
  1.7500000e+000  2.3679211e-001
  1.7600000e+000  1.3546304e-001
  1.7700000e+000  6.1657285e-001
  1.7800000e+000  2.5427176e-001
  1.7900000e+000  2.1553312e-001
  1.8000000e+000  1.2073554e-001
  1.8100000e+000  3.6304168e-001
  1.8200000e+000 -5.8442966e-002
  1.8300000e+000  2.8709288e-001
  1.8400000e+000  3.3157625e-001
  1.8500000e+000  6.3800215e-001
  1.8600000e+000 -4.1590089e-002
  1.8700000e+000  2.1042351e-001
  1.8800000e+000  2.5060619e-001
  1.8900000e+000  1.1529930e-001
  1.9000000e+000  2.0664633e-001
  1.9100000e+000 -7.0605186e-003
  1.9200000e+000  3.5788684e-001
  1.9300000e+000  8.3775304e-002
  1.9400000e+000  1.1292591e-002
  1.9500000e+000  4.5481306e-001
  1.9600000e+000  2.5885375e-001
  1.9700000e+000  2.7999588e-002
  1.9800000e+000 -5.6901072e-002
  1.9900000e+000  2.3803717e-001
  2.0000000e+000 -6.8751938e-002
  2.0100000e+000  2.8856990e-001
  2.0200000e+000 -3.8307875e-002
  2.0300000e+000  3.5506962e-001
  2.0400000e+000  4.7714590e-001
  2.0500000e+000  2.1407221e-001
  2.0600000e+000  3.7562673e-001
  2.0700000e+000  4.9843066e-001
  2.0800000e+000  3.6406700e-001
  2.0900000e+000  3.7918675e-001
  2.1000000e+000  3.7561328e-001
  2.1100000e+000  2.2009824e-001
  2.1200000e+000  1.5785764e-001
  2.1300000e+000  1.2028861e-001
  2.1400000e+000  3.9791446e-001
  2.1500000e+000  2.0199526e-001
  2.1600000e+000  2.2119675e-001
  2.1700000e+000  5.2559182e-001
  2.1800000e+000  5.2416079e-001
  2.1900000e+000  5.2944416e-001
  2.2000000e+000  4.6949753e-001
  2.2100000e+000  5.5177000e-001
  2.2200000e+000 -2.3444377e-003
  2.2300000e+000  2.6151578e-001
  2.2400000e+000  3.9602739e-001
  2.2500000e+000  4.4987472e-001
  2.2600000e+000  3.7484155e-001
  2.2700000e+000  2.4396405e-001
  2.2800000e+000  5.4436590e-001
  2.2900000e+000  6.7901898e-001
  2.3000000e+000  2.5147075e-001
  2.3100000e+000  5.3100413e-001
  2.3200000e+000  4.5216780e-001
  2.3300000e+000  1.7481073e-001
  2.3400000e+000  3.8032002e-001
  2.3500000e+000  5.6996050e-001
  2.3600000e+000  6.2683042e-001
  2.3700000e+000  4.1101608e-001
  2.3800000e+000  7.6904469e-001
  2.3900000e+000  6.5495095e-001
  2.4000000e+000  7.0194498e-001
  2.4100000e+000  2.8627512e-001
  2.4200000e+000  5.3690575e-001
  2.4300000e+000  6.1682800e-001
  2.4400000e+000  6.3172271e-001
  2.4500000e+000  5.3792503e-001
  2.4600000e+000  3.4992198e-001
  2.4700000e+000  6.7477177e-002
  2.4800000e+000  6.4474528e-001
  2.4900000e+000  6.4638083e-001
  2.5000000e+000  6.4558795e-001
  2.5100000e+000  2.5468991e-001
  2.5200000e+000  5.0708258e-001
  2.5300000e+000  3.4437041e-001
  2.5400000e+000  1.0073921e+000
  2.5500000e+000  7.2942607e-001
  2.5600000e+000  6.8036738e-001
  2.5700000e+000  2.6791013e-001
  2.5800000e+000  5.5610622e-001
  2.5900000e+000  5.2618354e-001
  2.6000000e+000  8.2505588e-001
  2.6100000e+000  5.9957233e-001
  2.6200000e+000  6.9011042e-001
  2.6300000e+000  7.9578129e-001
  2.6400000e+000  7.6397266e-001
  2.6500000e+000  7.2988331e-001
  2.6600000e+000  3.9534977e-001
  2.6700000e+000  6.1905318e-001
  2.6800000e+000  7.4688655e-001
  2.6900000e+000  3.4512172e-001
  2.7000000e+000  5.5720846e-001
  2.7100000e+000  7.1990094e-001
  2.7200000e+000  5.2794909e-001
  2.7300000e+000  9.2962141e-001
  2.7400000e+000  6.4278176e-001
  2.7500000e+000  5.7229307e-001
  2.7600000e+000  8.0843224e-001
  2.7700000e+000  6.9114403e-001
  2.7800000e+000  6.7398239e-001
  2.7900000e+000  6.1490998e-001
  2.8000000e+000  6.3476898e-001
  2.8100000e+000  6.7749165e-001
  2.8200000e+000  1.0918490e+000
  2.8300000e+000  9.6769975e-001
  2.8400000e+000  5.1597630e-001
  2.8500000e+000  6.0999664e-001
  2.8600000e+000  6.1140728e-001
  2.8700000e+000  7.0428511e-001
  2.8800000e+000  4.8921432e-001
  2.8900000e+000  9.9046507e-001
  2.9000000e+000  7.2415313e-001
  2.9100000e+000  1.0213650e+000
  2.9200000e+000  4.5725748e-001
  2.9300000e+000  5.9246699e-001
  2.9400000e+000  6.2245462e-001
  2.9500000e+000  3.1868112e-001
  2.9600000e+000  6.0900590e-001
  2.9700000e+000  8.7613470e-001
  2.9800000e+000  8.4190713e-001
  2.9900000e+000  7.7314299e-001
  3.0000000e+000  4.7444693e-001
  3.0100000e+000  8.6306759e-001
  3.0200000e+000  8.6784303e-001
  3.0300000e+000  5.8851862e-001
  3.0400000e+000  7.2190745e-001
  3.0500000e+000  7.4513235e-001
  3.0600000e+000  7.0431655e-001
  3.0700000e+000  9.9639112e-001
  3.0800000e+000  1.0941424e+000
  3.0900000e+000  7.9842010e-001
  3.1000000e+000  5.1284264e-001
  3.1100000e+000  5.8069861e-001
  3.1200000e+000  8.8081420e-001
  3.1300000e+000  6.2526616e-001
  3.1400000e+000  5.7236983e-001
  3.1500000e+000  1.0862663e+000
  3.1600000e+000  9.7999577e-001
  3.1700000e+000  8.9810840e-001
  3.1800000e+000  7.5453950e-001
  3.1900000e+000  5.4705308e-001
  3.2000000e+000  6.2982435e-001
  3.2100000e+000  8.6167555e-001
  3.2200000e+000  4.4483421e-001
  3.2300000e+000  9.5243751e-001
  3.2400000e+000  8.2242933e-001
  3.2500000e+000  9.0136877e-001
  3.2600000e+000  7.6340052e-001
  3.2700000e+000  1.0299189e+000
  3.2800000e+000  1.2252188e+000
  3.2900000e+000  5.6924027e-001
  3.3000000e+000  6.0549215e-001
  3.3100000e+000  1.0681558e+000
  3.3200000e+000  6.4980658e-001
  3.3300000e+000  6.9419297e-001
  3.3400000e+000  5.7946722e-001
  3.3500000e+000  8.6282131e-001
  3.3600000e+000  5.7660839e-001
  3.3700000e+000  6.4644491e-001
  3.3800000e+000  6.1287283e-001
  3.3900000e+000  7.0442986e-001
  3.4000000e+000  1.0144630e+000
  3.4100000e+000  1.0486741e+000
  3.4200000e+000  1.1443042e+000
  3.4300000e+000  7.2267692e-001
  3.4400000e+000  8.8173329e-001
  3.4500000e+000  8.2053609e-001
  3.4600000e+000  1.1984157e+000
  3.4700000e+000  5.3231635e-001
  3.4800000e+000  1.1650370e+000
  3.4900000e+000  8.2078465e-001
  3.5000000e+000  9.2219800e-001
  3.5100000e+000  9.7537609e-001
  3.5200000e+000  1.1735606e+000
  3.5300000e+000  1.0116947e+000
  3.5400000e+000  1.0718061e+000
  3.5500000e+000  7.1125633e-001
  3.5600000e+000  9.8828090e-001
  3.5700000e+000  8.8696835e-001
  3.5800000e+000  7.0244459e-001
  3.5900000e+000  1.1280690e+000
  3.6000000e+000  6.4106602e-001
  3.6100000e+000  6.9728870e-001
  3.6200000e+000  8.2432766e-001
  3.6300000e+000  1.1643938e+000
  3.6400000e+000  1.0371581e+000
  3.6500000e+000  1.0144818e+000
  3.6600000e+000  1.0696613e+000
  3.6700000e+000  1.0268684e+000
  3.6800000e+000  8.5447283e-001
  3.6900000e+000  9.1582698e-001
  3.7000000e+000  9.4430933e-001
  3.7100000e+000  6.6849253e-001
  3.7200000e+000  1.0437552e+000
  3.7300000e+000  1.0239356e+000
  3.7400000e+000  1.0373861e+000
  3.7500000e+000  9.2678757e-001
  3.7600000e+000  1.2081650e+000
  3.7700000e+000  6.8316924e-001
  3.7800000e+000  7.7502921e-001
  3.7900000e+000  7.2219875e-001
  3.8000000e+000  8.3371151e-001
  3.8100000e+000  6.8295320e-001
  3.8200000e+000  6.6170703e-001
  3.8300000e+000  5.5863875e-001
  3.8400000e+000  7.4950286e-001
  3.8500000e+000  1.0557122e+000
  3.8600000e+000  8.2118911e-001
  3.8700000e+000  7.5164940e-001
  3.8800000e+000  1.1320286e+000
  3.8900000e+000  1.1381275e+000
  3.9000000e+000  9.3972322e-001
  3.9100000e+000  7.7210017e-001
  3.9200000e+000  8.3644759e-001
  3.9300000e+000  1.2644921e+000
  3.9400000e+000  8.4983912e-001
  3.9500000e+000  8.5485115e-001
  3.9600000e+000  8.4450534e-001
  3.9700000e+000  6.9840208e-001
  3.9800000e+000  4.6069221e-001
  3.9900000e+000  9.7036487e-001
  4.0000000e+000  7.9907819e-001
  4.0100000e+000  1.2032007e+000
  4.0200000e+000  9.2440983e-001
  4.0300000e+000  1.1206985e+000
  4.0400000e+000  5.6125253e-001
  4.0500000e+000  8.5450594e-001
  4.0600000e+000  1.0425833e+000
  4.0700000e+000  7.3121088e-001
  4.0800000e+000  1.2184008e+000
  4.0900000e+000  8.3533532e-001
  4.1000000e+000  1.0309610e+000
  4.1100000e+000  9.9338314e-001
  4.1200000e+000  9.9956250e-001
  4.1300000e+000  8.4630417e-001
  4.1400000e+000  7.0077187e-001
  4.1500000e+000  1.1146556e+000
  4.1600000e+000  1.1254309e+000
  4.1700000e+000  1.0660560e+000
  4.1800000e+000  1.1198582e+000
  4.1900000e+000  7.6259959e-001
  4.2000000e+000  5.3067516e-001
  4.2100000e+000  1.0407434e+000
  4.2200000e+000  1.0472643e+000
  4.2300000e+000  1.0057123e+000
  4.2400000e+000  7.0458460e-001
  4.2500000e+000  1.3043096e+000
  4.2600000e+000  8.8588131e-001
  4.2700000e+000  8.9592301e-001
  4.2800000e+000  7.6681841e-001
  4.2900000e+000  1.0027297e+000
  4.3000000e+000  7.6962703e-001
  4.3100000e+000  1.0158694e+000
  4.3200000e+000  9.5838575e-001
  4.3300000e+000  1.2454740e+000
  4.3400000e+000  8.9815155e-001
  4.3500000e+000  4.5407257e-001
  4.3600000e+000  9.7733772e-001
  4.3700000e+000  7.4713692e-001
  4.3800000e+000  8.6591240e-001
  4.3900000e+000  6.1928055e-001
  4.4000000e+000  9.7107944e-001
  4.4100000e+000  8.6917331e-001
  4.4200000e+000  1.1473340e+000
  4.4300000e+000  1.1415383e+000
  4.4400000e+000  1.0684636e+000
  4.4500000e+000  1.0618679e+000
  4.4600000e+000  8.2839941e-001
  4.4700000e+000  6.8687511e-001
  4.4800000e+000  9.6378150e-001
  4.4900000e+000  1.2373581e+000
  4.5000000e+000  8.9406315e-001
  4.5100000e+000  1.0096502e+000
  4.5200000e+000  1.1838708e+000
  4.5300000e+000  8.2943711e-001
  4.5400000e+000  1.0368619e+000
  4.5500000e+000  9.8596594e-001
  4.5600000e+000  1.0679424e+000
  4.5700000e+000  7.9274184e-001
  4.5800000e+000  9.0144338e-001
  4.5900000e+000  8.2327318e-001
  4.6000000e+000  1.3123680e+000
  4.6100000e+000  8.2399977e-001
  4.6200000e+000  1.0228435e+000
  4.6300000e+000  6.9278155e-001
  4.6400000e+000  1.0445475e+000
  4.6500000e+000  7.8433243e-001
  4.6600000e+000  8.5600084e-001
  4.6700000e+000  1.2632748e+000
  4.6800000e+000  1.0987551e+000
  4.6900000e+000  9.0402269e-001
  4.7000000e+000  1.1056704e+000
  4.7100000e+000  5.1659121e-001
  4.7200000e+000  1.3341191e+000
  4.7300000e+000  9.3871746e-001
  4.7400000e+000  1.0622720e+000
  4.7500000e+000  9.4120898e-001
  4.7600000e+000  5.1019558e-001
  4.7700000e+000  6.0110212e-001
  4.7800000e+000  6.4672471e-001
  4.7900000e+000  8.2746931e-001
  4.8000000e+000  1.2141783e+000
  4.8100000e+000  8.8984288e-001
  4.8200000e+000  1.0071825e+000
  4.8300000e+000  6.8519862e-001
  4.8400000e+000  4.7910021e-001
  4.8500000e+000  1.1056664e+000
  4.8600000e+000  9.9292538e-001
  4.8700000e+000  6.2097055e-001
  4.8800000e+000  1.0932761e+000
  4.8900000e+000  1.4082338e+000
  4.9000000e+000  5.3606674e-001
  4.9100000e+000  6.7309223e-001
  4.9200000e+000  8.0897242e-001
  4.9300000e+000  7.5916406e-001
  4.9400000e+000  1.1450127e+000
  4.9500000e+000  1.0202918e+000
  4.9600000e+000  1.0190863e+000
  4.9700000e+000  8.5284558e-001
  4.9800000e+000  9.6419284e-001
  4.9900000e+000  7.5590876e-001
  5.0000000e+000  9.0594129e-001
  5.0100000e+000  1.0467710e+000
  5.0200000e+000  8.4763430e-001
  5.0300000e+000  1.0860895e+000
  5.0400000e+000  8.6065306e-001
  5.0500000e+000  9.9392556e-001
  5.0600000e+000  1.0880484e+000
  5.0700000e+000  8.5955035e-001
  5.0800000e+000  8.3364267e-001
  5.0900000e+000  1.0766480e+000
  5.1000000e+000  7.5711493e-001
  5.1100000e+000  1.0110558e+000
  5.1200000e+000  8.3030193e-001
  5.1300000e+000  7.2362040e-001
  5.1400000e+000  4.5668585e-001
  5.1500000e+000  7.8511573e-001
  5.1600000e+000  7.3341942e-001
  5.1700000e+000  7.8061372e-001
  5.1800000e+000  9.2858886e-001
  5.1900000e+000  1.0975133e+000
  5.2000000e+000  1.0052854e+000
  5.2100000e+000  7.1539762e-001
  5.2200000e+000  5.5728165e-001
  5.2300000e+000  3.8195185e-001
  5.2400000e+000  8.0421519e-001
  5.2500000e+000  8.4958282e-001
  5.2600000e+000  6.9418661e-001
  5.2700000e+000  1.1023200e+000
  5.2800000e+000  1.1117818e+000
  5.2900000e+000  1.3870033e+000
  5.3000000e+000  7.8524062e-001
  5.3100000e+000  8.2060750e-001
  5.3200000e+000  6.5431703e-001
  5.3300000e+000  8.8520690e-001
  5.3400000e+000  1.1282986e+000
  5.3500000e+000  5.6240059e-001
  5.3600000e+000  1.0010554e+000
  5.3700000e+000  4.0196024e-001
  5.3800000e+000  8.6852935e-001
  5.3900000e+000  5.2710105e-001
  5.4000000e+000  5.4747998e-001
  5.4100000e+000  1.0839686e+000
  5.4200000e+000  6.4202438e-001
  5.4300000e+000  1.0615195e+000
  5.4400000e+000  5.0722043e-001
  5.4500000e+000  4.3638347e-001
  5.4600000e+000  1.0171197e+000
  5.4700000e+000  6.7148225e-001
  5.4800000e+000  9.7705158e-001
  5.4900000e+000  1.0314583e+000
  5.5000000e+000  7.1806515e-001
  5.5100000e+000  3.9761803e-001
  5.5200000e+000  6.7756208e-001
  5.5300000e+000  6.7210107e-001
  5.5400000e+000  1.0512149e+000
  5.5500000e+000  9.0803378e-001
  5.5600000e+000  5.9165349e-001
  5.5700000e+000  9.1409168e-001
  5.5800000e+000  9.2559247e-001
  5.5900000e+000  7.9937004e-001
  5.6000000e+000  8.3098682e-001
  5.6100000e+000  8.9919557e-001
  5.6200000e+000  1.0788677e+000
  5.6300000e+000  7.3070770e-001
  5.6400000e+000  8.1779350e-001
  5.6500000e+000  4.7466333e-001
  5.6600000e+000  9.3978886e-001
  5.6700000e+000  1.1677888e+000
  5.6800000e+000  9.2539183e-001
  5.6900000e+000  6.2538437e-001
  5.7000000e+000  5.1869299e-001
  5.7100000e+000  1.0786382e+000
  5.7200000e+000  1.0032673e+000
  5.7300000e+000  6.1923802e-001
  5.7400000e+000  9.0702590e-001
  5.7500000e+000  7.7858993e-001
  5.7600000e+000  8.4599578e-001
  5.7700000e+000  6.1407130e-001
  5.7800000e+000  9.9503412e-001
  5.7900000e+000  6.6237685e-001
  5.8000000e+000  9.2045917e-001
  5.8100000e+000  5.8018102e-001
  5.8200000e+000  1.1254670e+000
  5.8300000e+000  4.5121362e-001
  5.8400000e+000  4.3198655e-001
  5.8500000e+000  8.4603468e-001
  5.8600000e+000  5.5470942e-001
  5.8700000e+000  7.9862178e-001
  5.8800000e+000  8.2029197e-001
  5.8900000e+000  1.2322970e+000
  5.9000000e+000  7.1832729e-001
  5.9100000e+000  8.0164229e-001
  5.9200000e+000  1.0397137e+000
  5.9300000e+000  7.3900611e-001
  5.9400000e+000  7.9707540e-001
  5.9500000e+000  9.8517996e-001
  5.9600000e+000  8.8704524e-001
  5.9700000e+000  6.6026299e-001
  5.9800000e+000  9.8092386e-001
  5.9900000e+000  8.4002039e-001
  6.0000000e+000  8.6955136e-001
  6.0100000e+000  8.1541171e-001
  6.0200000e+000  7.9715693e-001
  6.0300000e+000  9.4508259e-001
  6.0400000e+000  8.3082945e-001
  6.0500000e+000  1.0047343e+000
  6.0600000e+000  6.5913421e-001
  6.0700000e+000  1.1236270e+000
  6.0800000e+000  1.0957407e+000
  6.0900000e+000  1.0471967e+000
  6.1000000e+000  6.6298621e-001
  6.1100000e+000  4.8447440e-001
  6.1200000e+000  1.1329898e+000
  6.1300000e+000  8.8297479e-001
  6.1400000e+000  1.1453256e+000
  6.1500000e+000  6.8142604e-001
  6.1600000e+000  8.5663587e-001
  6.1700000e+000  6.7158898e-001
  6.1800000e+000  8.4870403e-001
  6.1900000e+000  9.2235935e-001
  6.2000000e+000  5.4330430e-001
  6.2100000e+000  1.3027827e+000
  6.2200000e+000  8.3068873e-001
  6.2300000e+000  8.9902063e-001
  6.2400000e+000  7.7657260e-001
  6.2500000e+000  9.1445028e-001
  6.2600000e+000  9.9386792e-001
  6.2700000e+000  7.0264669e-001
  6.2800000e+000  5.9452687e-001
  6.2900000e+000  9.9941661e-001
  6.3000000e+000  5.9460174e-001
  6.3100000e+000  6.3639062e-001
  6.3200000e+000  7.1054125e-001
  6.3300000e+000  5.7446981e-001
  6.3400000e+000  8.4662493e-001
  6.3500000e+000  7.7016077e-001
  6.3600000e+000  1.0637004e+000
  6.3700000e+000  1.0123920e+000
  6.3800000e+000  1.1261826e+000
  6.3900000e+000  7.3367822e-001
  6.4000000e+000  6.1227950e-001
  6.4100000e+000  7.7720459e-001
  6.4200000e+000  8.9208138e-001
  6.4300000e+000  7.4154182e-001
  6.4400000e+000  1.3015182e+000
  6.4500000e+000  5.1739356e-001
  6.4600000e+000  4.3095184e-001
  6.4700000e+000  8.2252667e-001
  6.4800000e+000  7.2495198e-001
  6.4900000e+000  1.0921579e+000
  6.5000000e+000  6.7216609e-001
  6.5100000e+000  8.7794935e-001
  6.5200000e+000  8.7425681e-001
  6.5300000e+000  1.0911333e+000
  6.5400000e+000  7.3829995e-001
  6.5500000e+000  7.1413781e-001
  6.5600000e+000  6.9756508e-001
  6.5700000e+000  5.3286757e-001
  6.5800000e+000  6.1389787e-001
  6.5900000e+000  6.3591957e-001
  6.6000000e+000  7.9058912e-001
  6.6100000e+000  7.0186063e-001
  6.6200000e+000  5.8377452e-001
  6.6300000e+000  2.7418429e-001
  6.6400000e+000  5.5458462e-001
  6.6500000e+000  6.2751971e-001
  6.6600000e+000  1.3116940e+000
  6.6700000e+000  9.0365515e-001
  6.6800000e+000  6.3281121e-001
  6.6900000e+000  5.2675516e-001
  6.7000000e+000  5.0934430e-001
  6.7100000e+000  3.4616072e-001
  6.7200000e+000  7.5199106e-001
  6.7300000e+000  1.1038612e+000
  6.7400000e+000  7.0778138e-001
  6.7500000e+000  5.3574947e-001
  6.7600000e+000  7.5748407e-001
  6.7700000e+000  7.1892825e-001
  6.7800000e+000  9.4375527e-001
  6.7900000e+000  6.4545544e-001
  6.8000000e+000  7.4470907e-001
  6.8100000e+000  5.2574751e-001
  6.8200000e+000  4.1615920e-001
  6.8300000e+000  1.0248042e+000
  6.8400000e+000  8.1846034e-001
  6.8500000e+000  5.9159442e-001
  6.8600000e+000  8.5034495e-001
  6.8700000e+000  8.4403911e-001
  6.8800000e+000  1.0618159e+000
  6.8900000e+000  6.1528401e-001
  6.9000000e+000  8.7225597e-001
  6.9100000e+000  9.5697990e-001
  6.9200000e+000  9.5519557e-001
  6.9300000e+000  4.9882242e-001
  6.9400000e+000  7.7677305e-001
  6.9500000e+000  7.9183394e-001
  6.9600000e+000  7.2867263e-001
  6.9700000e+000  7.9228109e-001
  6.9800000e+000  7.1645551e-001
  6.9900000e+000  6.4865471e-001
  7.0000000e+000  8.5160080e-001
  7.0100000e+000  6.2141424e-001
  7.0200000e+000  5.5078973e-001
  7.0300000e+000  6.8549442e-001
  7.0400000e+000  7.0855120e-001
  7.0500000e+000  6.8267913e-001
  7.0600000e+000  8.6192416e-001
  7.0700000e+000  8.3791743e-001
  7.0800000e+000  9.2808517e-001
  7.0900000e+000  6.5255960e-001
  7.1000000e+000  6.4519895e-001
  7.1100000e+000  9.2193413e-001
  7.1200000e+000  5.5564348e-001
  7.1300000e+000  8.6695758e-001
  7.1400000e+000  6.7869703e-001
  7.1500000e+000  9.1704957e-001
  7.1600000e+000  9.5279854e-001
  7.1700000e+000  6.3374961e-001
  7.1800000e+000  9.5773241e-001
  7.1900000e+000  8.5883665e-001
  7.2000000e+000  9.1242513e-001
  7.2100000e+000  4.6433186e-001
  7.2200000e+000  5.8028024e-001
  7.2300000e+000  8.2110487e-001
  7.2400000e+000  5.5156197e-001
  7.2500000e+000  7.3907106e-001
  7.2600000e+000  8.6615954e-001
  7.2700000e+000  8.2959190e-001
  7.2800000e+000  7.3151747e-001
  7.2900000e+000  4.2968577e-001
  7.3000000e+000  9.2074519e-001
  7.3100000e+000  6.9861611e-001
  7.3200000e+000  5.9031552e-001
  7.3300000e+000  9.0309445e-001
  7.3400000e+000  7.4684637e-001
  7.3500000e+000  7.2915293e-001
  7.3600000e+000  6.7060437e-001
  7.3700000e+000  8.4359846e-001
  7.3800000e+000  6.7195172e-001
  7.3900000e+000  5.6125450e-001
  7.4000000e+000  8.6957463e-001
  7.4100000e+000  6.1961446e-001
  7.4200000e+000  7.5315943e-001
  7.4300000e+000  6.8295394e-001
  7.4400000e+000  4.1233012e-001
  7.4500000e+000  7.1245560e-001
  7.4600000e+000  7.7306881e-001
  7.4700000e+000  6.4303885e-001
  7.4800000e+000  4.6540892e-001
  7.4900000e+000  5.5469532e-001
  7.5000000e+000  7.4591878e-001
  7.5100000e+000  4.3732125e-001
  7.5200000e+000  8.9491011e-001
  7.5300000e+000  5.6644601e-001
  7.5400000e+000  5.8150271e-001
  7.5500000e+000  5.2572557e-001
  7.5600000e+000  7.5312135e-001
  7.5700000e+000  6.3404305e-001
  7.5800000e+000  1.1147686e+000
  7.5900000e+000  6.7433790e-001
  7.6000000e+000  6.5704614e-001
  7.6100000e+000  1.1873176e+000
  7.6200000e+000  2.2873528e-001
  7.6300000e+000  9.0420671e-001
  7.6400000e+000  9.1687739e-001
  7.6500000e+000  8.7623080e-001
  7.6600000e+000  4.1774232e-001
  7.6700000e+000  8.1989797e-001
  7.6800000e+000  9.8186289e-001
  7.6900000e+000  7.2302119e-001
  7.7000000e+000  5.7572725e-001
  7.7100000e+000  7.7522332e-001
  7.7200000e+000  6.6397745e-001
  7.7300000e+000  9.4426781e-001
  7.7400000e+000  7.1587219e-001
  7.7500000e+000  5.6080497e-001
  7.7600000e+000  8.0299022e-001
  7.7700000e+000  8.0833974e-001
  7.7800000e+000  7.6398468e-001
  7.7900000e+000  5.2798772e-001
  7.8000000e+000  9.7644231e-001
  7.8100000e+000  7.2440120e-001
  7.8200000e+000  8.0585144e-001
  7.8300000e+000  5.2225792e-001
  7.8400000e+000  6.2419030e-001
  7.8500000e+000  8.6418173e-001
  7.8600000e+000  6.8361102e-001
  7.8700000e+000  7.7024349e-001
  7.8800000e+000  5.2434324e-001
  7.8900000e+000  5.1812856e-001
  7.9000000e+000  6.9627090e-001
  7.9100000e+000  9.9319897e-001
  7.9200000e+000  1.0654924e+000
  7.9300000e+000  5.4419621e-001
  7.9400000e+000  6.9685396e-001
  7.9500000e+000  1.0132019e+000
  7.9600000e+000  5.2830519e-001
  7.9700000e+000  8.4657933e-001
  7.9800000e+000  5.4550247e-001
  7.9900000e+000  9.4787637e-001
  8.0000000e+000  3.9580638e-001
  8.0100000e+000  1.0050775e+000
  8.0200000e+000  3.6694093e-001
  8.0300000e+000  5.9640339e-001
  8.0400000e+000  1.1471217e+000
  8.0500000e+000  3.6046291e-001
  8.0600000e+000  7.7565982e-001
  8.0700000e+000  9.5000843e-001
  8.0800000e+000  6.6253788e-001
  8.0900000e+000  8.1035846e-001
  8.1000000e+000  6.7844138e-001
  8.1100000e+000  5.5248048e-001
  8.1200000e+000  4.6108300e-001
  8.1300000e+000  8.4389396e-001
  8.1400000e+000  7.6395765e-001
  8.1500000e+000  3.4079816e-001
  8.1600000e+000  5.6036652e-001
  8.1700000e+000  7.3735744e-001
  8.1800000e+000  6.1465360e-001
  8.1900000e+000  3.6013935e-001
  8.2000000e+000  8.4027856e-001
  8.2100000e+000  9.3253165e-001
  8.2200000e+000  8.1642166e-001
  8.2300000e+000  6.9417046e-001
  8.2400000e+000  7.4009670e-001
  8.2500000e+000  9.7077298e-001
  8.2600000e+000  6.0440455e-001
  8.2700000e+000  6.0921742e-001
  8.2800000e+000  1.2333422e+000
  8.2900000e+000  5.8700961e-001
  8.3000000e+000  4.8227565e-001
  8.3100000e+000  6.0906378e-001
  8.3200000e+000  3.1350364e-001
  8.3300000e+000  9.6641665e-001
  8.3400000e+000  6.6726888e-001
  8.3500000e+000  5.4474264e-001
  8.3600000e+000  8.0176176e-001
  8.3700000e+000  8.7551154e-001
  8.3800000e+000  4.8674084e-001
  8.3900000e+000  6.0686607e-001
  8.4000000e+000  9.0297036e-001
  8.4100000e+000  9.6257570e-001
  8.4200000e+000  6.0953225e-001
  8.4300000e+000  7.6794404e-001
  8.4400000e+000  4.1923691e-001
  8.4500000e+000  7.3560245e-001
  8.4600000e+000  5.6633676e-001
  8.4700000e+000  9.2364990e-001
  8.4800000e+000  6.8789179e-001
  8.4900000e+000  9.1086993e-001
  8.5000000e+000  7.8206982e-001
  8.5100000e+000  1.2062001e+000
  8.5200000e+000  4.5817785e-001
  8.5300000e+000  6.6550099e-001
  8.5400000e+000  9.9841105e-001
  8.5500000e+000  5.0628657e-001
  8.5600000e+000  3.6301251e-001
  8.5700000e+000  8.8856286e-001
  8.5800000e+000  1.0073090e+000
  8.5900000e+000  6.2808066e-001
  8.6000000e+000  8.3856677e-001
  8.6100000e+000  2.4674355e-001
  8.6200000e+000  5.2503728e-001
  8.6300000e+000  1.1113344e+000
  8.6400000e+000  5.2235454e-001
  8.6500000e+000  8.4949248e-001
  8.6600000e+000  1.1561299e+000
  8.6700000e+000  9.5247830e-001
  8.6800000e+000  5.8775751e-001
  8.6900000e+000  7.7956917e-001
  8.7000000e+000  7.6134127e-001
  8.7100000e+000  8.7227597e-001
  8.7200000e+000  1.0662548e+000
  8.7300000e+000  7.9567038e-001
  8.7400000e+000  4.5949941e-001
  8.7500000e+000  5.1021660e-001
  8.7600000e+000  5.2003580e-001
  8.7700000e+000  7.4123486e-001
  8.7800000e+000  5.3118255e-001
  8.7900000e+000  3.6958116e-001
  8.8000000e+000  1.0743563e+000
  8.8100000e+000  4.9643992e-001
  8.8200000e+000  6.2586512e-001
  8.8300000e+000  4.5871291e-001
  8.8400000e+000  7.5326104e-001
  8.8500000e+000  4.9466504e-001
  8.8600000e+000  6.9651066e-001
  8.8700000e+000  5.0410877e-001
  8.8800000e+000  8.7443614e-001
  8.8900000e+000  7.5767601e-001
  8.9000000e+000  4.9878653e-001
  8.9100000e+000  7.2567074e-001
  8.9200000e+000  1.2288033e+000
  8.9300000e+000  7.8769101e-001
  8.9400000e+000  5.4453472e-001
  8.9500000e+000  8.3332516e-001
  8.9600000e+000  6.8108428e-001
  8.9700000e+000  4.5149928e-001
  8.9800000e+000  5.2849977e-001
  8.9900000e+000  7.1847740e-001
  9.0000000e+000  5.0676994e-001
  9.0100000e+000  4.0489153e-001
  9.0200000e+000  6.6680583e-001
  9.0300000e+000  5.8678179e-001
  9.0400000e+000  5.4172300e-001
  9.0500000e+000  7.4824557e-001
  9.0600000e+000  6.1994425e-001
  9.0700000e+000  6.6228355e-001
  9.0800000e+000  3.5329728e-001
  9.0900000e+000  7.1632969e-001
  9.1000000e+000  1.0001846e+000
  9.1100000e+000  4.0770833e-001
  9.1200000e+000  3.8412937e-001
  9.1300000e+000  1.0034157e+000
  9.1400000e+000  9.5386318e-001
  9.1500000e+000  4.0186926e-001
  9.1600000e+000  7.5070388e-001
  9.1700000e+000  7.7298295e-001
  9.1800000e+000  3.6307932e-001
  9.1900000e+000  6.5804209e-001
  9.2000000e+000  2.6457526e-001
  9.2100000e+000  8.8526745e-001
  9.2200000e+000  6.9301300e-001
  9.2300000e+000  8.1524832e-001
  9.2400000e+000  5.1951995e-001
  9.2500000e+000  9.1086935e-001
  9.2600000e+000  9.2190305e-001
  9.2700000e+000  5.7282870e-001
  9.2800000e+000  2.4607123e-001
  9.2900000e+000  6.9162858e-001
  9.3000000e+000  7.0726322e-001
  9.3100000e+000  6.9562485e-001
  9.3200000e+000  8.0260060e-001
  9.3300000e+000  3.5263550e-001
  9.3400000e+000  7.3260226e-001
  9.3500000e+000  1.0377166e+000
  9.3600000e+000  7.9372906e-001
  9.3700000e+000  1.2433982e+000
  9.3800000e+000  7.0327180e-001
  9.3900000e+000  8.5848465e-001
  9.4000000e+000  6.4125600e-001
  9.4100000e+000  4.9735795e-001
  9.4200000e+000  7.9185624e-001
  9.4300000e+000  8.1799994e-001
  9.4400000e+000  6.1554208e-001
  9.4500000e+000  3.5594780e-001
  9.4600000e+000  4.6278864e-001
  9.4700000e+000  5.0690838e-001
  9.4800000e+000  8.1165033e-001
  9.4900000e+000  7.4421314e-001
  9.5000000e+000  7.3953700e-001
  9.5100000e+000  5.6660462e-001
  9.5200000e+000  7.3146019e-001
  9.5300000e+000  5.5606302e-001
  9.5400000e+000  1.0167137e+000
  9.5500000e+000  4.2598505e-001
  9.5600000e+000  7.8324521e-001
  9.5700000e+000  4.1557704e-001
  9.5800000e+000  5.7211756e-001
  9.5900000e+000  1.1861181e+000
  9.6000000e+000  6.0451927e-001
  9.6100000e+000  9.7703429e-001
  9.6200000e+000  1.0747319e+000
  9.6300000e+000  4.3279292e-001
  9.6400000e+000  1.1016919e+000
  9.6500000e+000  5.5245323e-001
  9.6600000e+000  8.3257692e-001
  9.6700000e+000  4.7978275e-001
  9.6800000e+000  7.0884211e-001
  9.6900000e+000  5.2097539e-001
  9.7000000e+000  7.1187146e-001
  9.7100000e+000  5.8965282e-001
  9.7200000e+000  1.0359159e+000
  9.7300000e+000  6.5978501e-001
  9.7400000e+000  9.7774937e-001
  9.7500000e+000  7.5826516e-001
  9.7600000e+000  8.1165435e-001
  9.7700000e+000  9.0658585e-001
  9.7800000e+000  7.6736440e-001
  9.7900000e+000  7.6443232e-001
  9.8000000e+000  9.4389437e-001
  9.8100000e+000  9.3646573e-001
  9.8200000e+000  6.0812681e-001
  9.8300000e+000  5.4295703e-001
  9.8400000e+000  5.4257823e-001
  9.8500000e+000  6.1933866e-001
  9.8600000e+000  4.2175754e-001
  9.8700000e+000  6.1214344e-001
  9.8800000e+000  1.2257061e+000
  9.8900000e+000  5.4437320e-001
  9.9000000e+000  7.0985681e-001
  9.9100000e+000  6.4923250e-001
  9.9200000e+000  5.4994892e-001
  9.9300000e+000  7.4103819e-001
  9.9400000e+000  4.1898828e-001
  9.9500000e+000  5.7304947e-001
  9.9600000e+000  4.3973725e-001
  9.9700000e+000  6.3813429e-001
  9.9800000e+000  9.4351242e-001
  9.9900000e+000  5.1463000e-001
  1.0000000e+001  1.1943976e+000
  1.0010000e+001  7.0968243e-001
  1.0020000e+001  9.8361509e-001
  1.0030000e+001  3.6475572e-001
  1.0040000e+001  5.3151804e-001
  1.0050000e+001  5.6546621e-001
  1.0060000e+001  5.1330677e-001
  1.0070000e+001  9.0907345e-001
  1.0080000e+001  5.2092735e-001
  1.0090000e+001  7.7406480e-001
  1.0100000e+001  7.5087510e-001
  1.0110000e+001  8.6969110e-001
  1.0120000e+001  8.8985079e-001
  1.0130000e+001  1.2449638e+000
  1.0140000e+001  4.0661798e-001
  1.0150000e+001  9.0805917e-001
  1.0160000e+001  7.8396366e-001
  1.0170000e+001  4.4687107e-001
  1.0180000e+001  6.5433530e-001
  1.0190000e+001  6.8680307e-001
  1.0200000e+001  6.0106615e-001
  1.0210000e+001  9.0634312e-001
  1.0220000e+001  9.4137931e-001
  1.0230000e+001  9.0107479e-001
  1.0240000e+001  6.7758201e-001
  1.0250000e+001  7.1626738e-001
  1.0260000e+001  7.8000106e-001
  1.0270000e+001  5.9453713e-001
  1.0280000e+001  6.9133075e-001
  1.0290000e+001  4.8144758e-001
  1.0300000e+001  9.9580814e-001
  1.0310000e+001  6.4983013e-001
  1.0320000e+001  8.6173757e-001
  1.0330000e+001  7.7326632e-001
  1.0340000e+001  9.8578558e-001
  1.0350000e+001  5.9441608e-001
  1.0360000e+001  6.0565023e-001
  1.0370000e+001  8.9342355e-001
  1.0380000e+001  1.2321953e+000
  1.0390000e+001  1.2368483e+000
  1.0400000e+001  8.2778261e-001
  1.0410000e+001  7.0914348e-001
  1.0420000e+001  7.6986817e-001
  1.0430000e+001  7.1802843e-001
  1.0440000e+001  8.1850113e-001
  1.0450000e+001  6.2840450e-001
  1.0460000e+001  6.6853950e-001
  1.0470000e+001  6.9615844e-001
  1.0480000e+001  6.4765622e-001
  1.0490000e+001  1.2287935e+000
  1.0500000e+001  1.0066535e+000
  1.0510000e+001  5.7547237e-001
  1.0520000e+001  6.9710110e-001
  1.0530000e+001  7.6360663e-001
  1.0540000e+001  8.7646065e-001
  1.0550000e+001  9.9911071e-001
  1.0560000e+001  6.5738847e-001
  1.0570000e+001  7.8730772e-001
  1.0580000e+001  8.6166025e-001
  1.0590000e+001  5.3289887e-001
  1.0600000e+001  7.4108485e-001
  1.0610000e+001  6.0584617e-001
  1.0620000e+001  6.1267233e-001
  1.0630000e+001  1.0012086e+000
  1.0640000e+001  7.1653213e-001
  1.0650000e+001  6.6749743e-001
  1.0660000e+001  7.6255434e-001
  1.0670000e+001  7.9418973e-001
  1.0680000e+001  5.4992300e-001
  1.0690000e+001  6.3867939e-001
  1.0700000e+001  5.6834832e-001
  1.0710000e+001  7.0149213e-001
  1.0720000e+001  7.7917894e-001
  1.0730000e+001  8.1072533e-001
  1.0740000e+001  1.1521965e+000
  1.0750000e+001  7.5875365e-001
  1.0760000e+001  3.9084606e-001
  1.0770000e+001  9.5930324e-001
  1.0780000e+001  6.9706592e-001
  1.0790000e+001  6.7589871e-001
  1.0800000e+001  8.2684271e-001
  1.0810000e+001  9.4445720e-001
  1.0820000e+001  7.3000072e-001
  1.0830000e+001  8.2959662e-001
  1.0840000e+001  9.5756789e-001
  1.0850000e+001  6.8882344e-001
  1.0860000e+001  6.7659501e-001
  1.0870000e+001  7.0394656e-001
  1.0880000e+001  4.9311724e-001
  1.0890000e+001  1.1650551e+000
  1.0900000e+001  4.5242890e-001
  1.0910000e+001  7.0348282e-001
  1.0920000e+001  6.9890344e-001
  1.0930000e+001  1.1921658e+000
  1.0940000e+001  7.4323185e-001
  1.0950000e+001  5.4503849e-001
  1.0960000e+001  1.0056727e+000
  1.0970000e+001  8.5694731e-001
  1.0980000e+001  6.7906563e-001
  1.0990000e+001  5.2363719e-001
  1.1000000e+001  4.9187271e-001
  1.1010000e+001  9.7310995e-001
  1.1020000e+001  7.7458166e-001
  1.1030000e+001  3.9521063e-001
  1.1040000e+001  9.0184291e-001
  1.1050000e+001  8.5724771e-001
  1.1060000e+001  7.8768627e-001
  1.1070000e+001  8.9106681e-001
  1.1080000e+001  6.2580730e-001
  1.1090000e+001  9.3003429e-001
  1.1100000e+001  6.3093519e-001
  1.1110000e+001  9.0020454e-001
  1.1120000e+001  6.8531179e-001
  1.1130000e+001  9.0966336e-001
  1.1140000e+001  5.9982591e-001
  1.1150000e+001  9.1755760e-001
  1.1160000e+001  8.2377347e-001
  1.1170000e+001  5.2542442e-001
  1.1180000e+001  3.7175945e-001
  1.1190000e+001  1.1484571e+000
  1.1200000e+001  8.9259933e-001
  1.1210000e+001  8.3155667e-001
  1.1220000e+001  6.1680465e-001
  1.1230000e+001  9.0312132e-001
  1.1240000e+001  9.1818006e-001
  1.1250000e+001  1.0197673e+000
  1.1260000e+001  6.1602031e-001
  1.1270000e+001  5.5063632e-001
  1.1280000e+001  9.6721246e-001
  1.1290000e+001  8.2630862e-001
  1.1300000e+001  5.9852715e-001
  1.1310000e+001  8.2478620e-001
  1.1320000e+001  7.9643904e-001
  1.1330000e+001  8.6598488e-001
  1.1340000e+001  8.9525049e-001
  1.1350000e+001  9.5552885e-001
  1.1360000e+001  9.3464425e-001
  1.1370000e+001  8.0004020e-001
  1.1380000e+001  9.4682538e-001
  1.1390000e+001  8.1565149e-001
  1.1400000e+001  1.1724941e+000
  1.1410000e+001  6.6766886e-001
  1.1420000e+001  5.2647118e-001
  1.1430000e+001  8.0282568e-001
  1.1440000e+001  6.6733713e-001
  1.1450000e+001  9.4404102e-001
  1.1460000e+001  8.5175022e-001
  1.1470000e+001  6.8153875e-001
  1.1480000e+001  4.9246596e-001
  1.1490000e+001  6.5990089e-001
  1.1500000e+001  6.3730888e-001
  1.1510000e+001  8.8232674e-001
  1.1520000e+001  8.3973298e-001
  1.1530000e+001  7.1683031e-001
  1.1540000e+001  7.4177425e-001
  1.1550000e+001  6.7548668e-001
  1.1560000e+001  9.6474481e-001
  1.1570000e+001  8.5513822e-001
  1.1580000e+001  8.0813184e-001
  1.1590000e+001  1.0020937e+000
  1.1600000e+001  9.5665145e-001
  1.1610000e+001  3.8939739e-001
  1.1620000e+001  4.2759214e-001
  1.1630000e+001  5.5815807e-001
  1.1640000e+001  1.0102439e+000
  1.1650000e+001  6.0827567e-001
  1.1660000e+001  6.1935293e-001
  1.1670000e+001  7.6685254e-001
  1.1680000e+001  5.7135086e-001
  1.1690000e+001  9.0685989e-001
  1.1700000e+001  1.0282068e+000
  1.1710000e+001  5.7202605e-001
  1.1720000e+001  9.5316514e-001
  1.1730000e+001  7.3102254e-001
  1.1740000e+001  7.4518725e-001
  1.1750000e+001  6.7775616e-001
  1.1760000e+001  7.9197094e-001
  1.1770000e+001  1.0690583e+000
  1.1780000e+001  9.2626544e-001
  1.1790000e+001  1.0603161e+000
  1.1800000e+001  7.0481892e-001
  1.1810000e+001  6.2989603e-001
  1.1820000e+001  7.7561784e-001
  1.1830000e+001  1.1055174e+000
  1.1840000e+001  4.9214768e-001
  1.1850000e+001  9.9131619e-001
  1.1860000e+001  7.2802831e-001
  1.1870000e+001  7.8504772e-001
  1.1880000e+001  8.3864552e-001
  1.1890000e+001  8.8242754e-001
  1.1900000e+001  8.2587815e-001
  1.1910000e+001  1.1659990e+000
  1.1920000e+001  5.3787220e-001
  1.1930000e+001  5.0816563e-001
  1.1940000e+001  9.6999952e-001
  1.1950000e+001  8.8032029e-001
  1.1960000e+001  7.8842853e-001
  1.1970000e+001  6.7023476e-001
  1.1980000e+001  3.6803220e-001
  1.1990000e+001  8.9489288e-001
  1.2000000e+001  9.1011444e-001
  1.2010000e+001  1.1520125e+000
  1.2020000e+001  6.6923993e-001
  1.2030000e+001  7.2467720e-001
  1.2040000e+001  8.1150643e-001
  1.2050000e+001  7.3554037e-001
  1.2060000e+001  7.0377363e-001
  1.2070000e+001  6.8864911e-001
  1.2080000e+001  8.5291933e-001
  1.2090000e+001  5.2469907e-001
  1.2100000e+001  4.8935818e-001
  1.2110000e+001  9.9550847e-001
  1.2120000e+001  6.7375279e-001
  1.2130000e+001  8.2423836e-001
  1.2140000e+001  8.5520506e-001
  1.2150000e+001  7.5242007e-001
  1.2160000e+001  7.6219607e-001
  1.2170000e+001  8.0140558e-001
  1.2180000e+001  6.8806121e-001
  1.2190000e+001  8.2278269e-001
  1.2200000e+001  6.5966676e-001
  1.2210000e+001  8.7370973e-001
  1.2220000e+001  6.3546307e-001
  1.2230000e+001  6.1904482e-001
  1.2240000e+001  9.6261835e-001
  1.2250000e+001  8.0642748e-001
  1.2260000e+001  7.8251182e-001
  1.2270000e+001  7.4861457e-001
  1.2280000e+001  5.9847785e-001
  1.2290000e+001  7.8849777e-001
  1.2300000e+001  3.3982014e-001
  1.2310000e+001  9.3277009e-001
  1.2320000e+001  9.9691231e-001
  1.2330000e+001  9.0767056e-001
  1.2340000e+001  7.1750081e-001
  1.2350000e+001  6.5659408e-001
  1.2360000e+001  8.5550706e-001
  1.2370000e+001  5.7977983e-001
  1.2380000e+001  7.8253939e-001
  1.2390000e+001  8.6539686e-001
  1.2400000e+001  5.3661462e-001
  1.2410000e+001  6.4389323e-001
  1.2420000e+001  5.0420333e-001
  1.2430000e+001  4.3933007e-001
  1.2440000e+001  8.9351534e-001
  1.2450000e+001  6.6071868e-001
  1.2460000e+001  4.1376749e-001
  1.2470000e+001  7.1805599e-001
  1.2480000e+001  5.4711161e-001
  1.2490000e+001  6.0863996e-001
  1.2500000e+001  9.0396198e-001
